"dgp","sample_size","horizon","bias","variance","rmse","n_replications","n_success","success_rate"
"gaussian",250,1,0.0368651947180066,0.0211888632000779,0.149452390913206,100,100,1
"gaussian",250,2,-0.0467087229403582,0.0459777492078524,0.218402556107965,100,100,1
"gaussian",250,3,-0.0211923004611189,0.0503710188114342,0.224313223466995,100,100,1
"gaussian",250,4,-0.019724866869627,0.0701020600024729,0.264178178083415,100,100,1
"gaussian",250,5,-0.0142933586485345,0.0574621422338268,0.238938948087046,100,100,1
"gaussian",250,6,0.00106406404019983,0.0601913846388557,0.244111865800802,100,100,1
"gaussian",250,7,0.0357663564088609,0.064346276652372,0.254915762824926,100,100,1
"gaussian",250,8,-0.0109652537531824,0.0588893926353382,0.24170381771676,100,100,1
"gaussian",250,9,0.00702529100934306,0.066317638057903,0.256327556831274,100,100,1
"gaussian",250,10,0.0166221038740582,0.080205407811622,0.28227583685237,100,100,1
"gaussian",250,11,-0.0470901515060115,0.0631593394942694,0.254450837035734,100,100,1
"gaussian",250,12,-0.0228164689838033,0.0581692862187583,0.241056393015119,100,100,1
"gaussian",250,13,0.0260017597530585,0.057657548921167,0.240326995866488,100,100,1
"gaussian",250,14,0.0182475620289207,0.0646326730078948,0.253612538723572,100,100,1
"gaussian",250,15,0.040535129418783,0.064763152704311,0.256434431959254,100,100,1
"gaussian",250,16,0.039535725864864,0.0540449571527955,0.234664827362196,100,100,1
"gaussian",250,17,-0.00821368961395231,0.0661150556965647,0.25597142386734,100,100,1
"gaussian",250,18,-0.0463598533470527,0.0625576458926686,0.253142855787206,100,100,1
"gaussian",250,19,-0.0262098174847978,0.0577120695847027,0.240449732625062,100,99,0.99
"gaussian",250,20,0.00460745995578209,0.0643885328083099,0.252519060998315,100,100,1
"gaussian",500,1,0.00569541199779005,0.0119660351431365,0.108989965178129,100,100,1
"gaussian",500,2,-0.00243901580780756,0.0252721346938004,0.158194064822208,100,100,1
"gaussian",500,3,0.00526148180635623,0.0301334880789214,0.172799989551304,100,100,1
"gaussian",500,4,-0.0266565817667276,0.0358628040164009,0.190301732329801,100,100,1
"gaussian",500,5,-0.0174929104231725,0.0407358349623166,0.201579955669622,100,100,1
"gaussian",500,6,0.00577929013618755,0.0403911308593126,0.200051542721364,100,100,1
"gaussian",500,7,0.0518984925419064,0.0445443110716032,0.216315328835035,100,100,1
"gaussian",500,8,-0.00905531740160358,0.0389164563699182,0.196492469523549,100,100,1
"gaussian",500,9,-0.00803222027275077,0.0378549454499327,0.193754774284257,100,100,1
"gaussian",500,10,0.033647510038355,0.0478665152533603,0.220272569859726,100,100,1
"gaussian",500,11,-0.0125248429003651,0.0514023287917105,0.225931797659099,100,100,1
"gaussian",500,12,-0.0301322822277871,0.0342684707165484,0.186637993028317,100,100,1
"gaussian",500,13,0.0276034956687144,0.0342488566400446,0.186194309920515,100,100,1
"gaussian",500,14,0.0444174135718986,0.0303321530231959,0.178890296330967,100,100,1
"gaussian",500,15,0.0220434670919701,0.0400048984204934,0.200226781120117,100,100,1
"gaussian",500,16,0.0437982515598768,0.0399742988642326,0.203697920252742,100,100,1
"gaussian",500,17,-0.00909586195930731,0.0395400558041805,0.198059056725315,100,100,1
"gaussian",500,18,-0.0018534563446772,0.0374480627261306,0.192553933741409,100,100,1
"gaussian",500,19,-0.00946779982109452,0.0349163879465881,0.186154066280329,100,99,0.99
"gaussian",500,20,0.0294187656193688,0.0358294236273603,0.190621596787075,100,100,1
"gaussian",1000,1,0.0134328101220229,0.00998129189988765,0.100309119070317,100,100,1
"gaussian",1000,2,-0.0110470765158353,0.0188787780971802,0.137156947384211,100,100,1
"gaussian",1000,3,-0.0161538353719242,0.0180985192055477,0.134827595138071,100,100,1
"gaussian",1000,4,-0.0175942739357297,0.021662359649959,0.147496761078964,100,100,1
"gaussian",1000,5,-0.0100043952179559,0.0193916830661502,0.138916716629662,100,100,1
"gaussian",1000,6,-0.0107786964324335,0.0260719596058832,0.161019937605897,100,100,1
"gaussian",1000,7,0.0169575242515138,0.0270666314097055,0.164570722561302,100,100,1
"gaussian",1000,8,-0.0271887615467294,0.0220956441485597,0.150379242123104,100,100,1
"gaussian",1000,9,-0.0152466333234317,0.0226690969096958,0.150581757754046,100,100,1
"gaussian",1000,10,0.0114412772941551,0.0218669403579259,0.147577687271716,100,100,1
"gaussian",1000,11,-0.0163520781690871,0.0234515041254183,0.153246140390589,100,100,1
"gaussian",1000,12,-0.0234153222619509,0.0223546775063506,0.150596839435355,100,100,1
"gaussian",1000,13,0.0212961700019626,0.0186102658146768,0.137396106252261,100,100,1
"gaussian",1000,14,0.0128159975143313,0.0183002748660734,0.135209178348587,100,100,1
"gaussian",1000,15,0.0127055601939333,0.0236524218607882,0.153549109088988,100,100,1
"gaussian",1000,16,0.0109214978931855,0.0265411027110993,0.162465291063104,100,100,1
"gaussian",1000,17,-0.00545175481514291,0.0257987225069464,0.159907651200439,100,100,1
"gaussian",1000,18,-0.0173742597426315,0.0301723492609452,0.173702304734106,100,100,1
"gaussian",1000,19,-0.0139244600688923,0.0209407037947364,0.144655408972493,100,100,1
"gaussian",1000,20,0.0301660954827684,0.0232389268384238,0.154649703804162,100,100,1
"skewed",250,1,0.00577245215780898,0.00789360733141607,0.088588895816666,100,100,1
"skewed",250,2,0.0126227623828709,0.0370091877251733,0.191829168736394,100,100,1
"skewed",250,3,-0.0187737888170247,0.0493946433480885,0.221930511785004,100,100,1
"skewed",250,4,-0.0496860268543439,0.0493687170930046,0.226591551445867,100,100,1
"skewed",250,5,0.0122865344310472,0.0427303374585823,0.206043667731677,100,100,1
"skewed",250,6,-0.02365941807751,0.0591243826991722,0.243090326701716,100,100,1
"skewed",250,7,-0.0391777761353244,0.0504436773695326,0.226879128036818,100,100,1
"skewed",250,8,-0.0444466725833649,0.0511785069010075,0.229438942936308,100,100,1
"skewed",250,9,0.0169008904824577,0.0500193182640319,0.223169812431009,100,100,1
"skewed",250,10,0.00836795540460955,0.0516954678483499,0.226381394658483,100,100,1
"skewed",250,11,0.021190854175521,0.0450090698283412,0.2121509637752,100,100,1
"skewed",250,12,-0.0187177689449692,0.0599705651040153,0.244379242832227,100,100,1
"skewed",250,13,-0.000409195313207467,0.0464960417516816,0.214548942609767,100,100,1
"skewed",250,14,-0.0151458352877288,0.0502362582633936,0.223524701112255,100,100,1
"skewed",250,15,0.00730895174780923,0.0546157138098627,0.232643455629889,100,100,1
"skewed",250,16,-0.0182521160479101,0.0524306094805033,0.228559495812195,100,100,1
"skewed",250,17,-0.00486025427908281,0.0574958424243842,0.238630480181803,100,100,1
"skewed",250,18,-0.031874947518605,0.0548606744560207,0.23521921688241,100,100,1
"skewed",250,19,-0.0331273536618303,0.0586803508434701,0.243291941699004,100,100,1
"skewed",250,20,-0.0158133141160734,0.0594095169150303,0.243033912549697,100,100,1
"skewed",500,1,0.00473963414977376,0.00487928732506353,0.0696631795404617,100,100,1
"skewed",500,2,-0.013335506659548,0.0222010613388833,0.148851894389562,100,100,1
"skewed",500,3,-0.0243595384479637,0.028563429865679,0.16991522203858,100,100,1
"skewed",500,4,-0.0280235911035919,0.0310419567488643,0.177529881540311,100,100,1
"skewed",500,5,-0.00123891752895997,0.0291259396332421,0.169812293882255,100,100,1
"skewed",500,6,-0.0108893951152585,0.0395880504289879,0.198269384552114,100,100,1
"skewed",500,7,-0.0222646203714142,0.0345083952400769,0.186169343899471,100,100,1
"skewed",500,8,-0.0384489938959366,0.0324833257320843,0.183403428556756,100,100,1
"skewed",500,9,0.0102511724151716,0.0343315707460742,0.184643823548201,100,100,1
"skewed",500,10,0.00689364779439795,0.0388265536542821,0.196178007171172,100,100,1
"skewed",500,11,0.00707291468621424,0.0327992903897395,0.180336695123318,100,100,1
"skewed",500,12,-0.015624085939917,0.0323182322550752,0.179552671921034,100,100,1
"skewed",500,13,-0.00190208872659135,0.0277134539413663,0.165650044803726,100,100,1
"skewed",500,14,-0.000526534772523779,0.0337412280866123,0.18276786655376,100,100,1
"skewed",500,15,0.0094537703196986,0.0286115708062533,0.168566986303512,100,100,1
"skewed",500,16,-0.0106020455828761,0.0283896001833017,0.167982462036994,100,100,1
"skewed",500,17,0.0177567554991933,0.0321936133013186,0.179407300671304,100,100,1
"skewed",500,18,-0.00413633439393055,0.0295775162188254,0.171169069398813,100,100,1
"skewed",500,19,-0.0220473916779016,0.0373359418020811,0.193516588084482,100,100,1
"skewed",500,20,-0.0195883297027921,0.0355536059764659,0.188631313883052,100,100,1
"skewed",1000,1,-0.00295723178174953,0.00217569052981939,0.0465046110007619,100,100,1
"skewed",1000,2,0.009749872087769,0.0112520793185198,0.105993483436778,100,100,1
"skewed",1000,3,-0.00226901930440269,0.0166216627610477,0.12829884871674,100,100,1
"skewed",1000,4,-0.0123452062741176,0.022805823008691,0.150765277489728,100,100,1
"skewed",1000,5,0.0074174363446795,0.016417917778472,0.127705743655541,100,100,1
"skewed",1000,6,-0.0109477402527701,0.0181269358853403,0.134408033774507,100,100,1
"skewed",1000,7,-0.0071729956359921,0.0204021636956963,0.142301067898781,100,100,1
"skewed",1000,8,-0.028772205299518,0.0197823879068568,0.142871984047209,100,100,1
"skewed",1000,9,-0.0283904127071453,0.0214759623285816,0.148550389561852,100,100,1
"skewed",1000,10,0.0000219670295365201,0.023842702070741,0.153636830000439,100,100,1
"skewed",1000,11,0.0130900291468527,0.0218615589142644,0.147696622128562,100,100,1
"skewed",1000,12,-0.00468612781028769,0.0192684706833814,0.138194593853746,100,100,1
"skewed",1000,13,-0.00530719415556071,0.016576498718763,0.128214273937734,100,100,1
"skewed",1000,14,-0.00949581943150731,0.019260671241866,0.138413276516825,100,100,1
"skewed",1000,15,0.0312388758846005,0.018623917984147,0.139332502205476,100,100,1
"skewed",1000,16,-0.00391384570980184,0.0230816990855406,0.15121574085698,100,100,1
"skewed",1000,17,0.00474604621455931,0.0255935292563316,0.159248607273153,100,100,1
"skewed",1000,18,0.000546794290627996,0.018718315937554,0.136130201506406,100,100,1
"skewed",1000,19,0.012685463319583,0.0180965579758719,0.13444892478464,100,100,1
"skewed",1000,20,-0.0192003467637121,0.0199585609186963,0.141871873975627,100,100,1
"disaster",250,1,0.00463716195473131,0.021652152979623,0.146482540668918,100,100,1
"disaster",250,2,-0.00550280192097811,0.0466745065781928,0.215030328887328,100,100,1
"disaster",250,3,-0.0579703845508714,0.0441135493803648,0.216870881797297,100,100,1
"disaster",250,4,-0.0303873037791161,0.0661665390250192,0.257736807355359,100,100,1
"disaster",250,5,0.00784293048627516,0.0576464570059197,0.239021973873686,100,100,1
"disaster",250,6,-0.0066139231209553,0.0600030772262203,0.243817124978965,100,100,1
"disaster",250,7,0.0073316218940191,0.0625673536130448,0.248988820545243,100,100,1
"disaster",250,8,0.0137406744670158,0.0500458936198153,0.22301175040438,100,100,1
"disaster",250,9,-0.0205569024366698,0.0500835896739191,0.223618738067655,100,100,1
"disaster",250,10,-0.049564916058228,0.067388734962913,0.263004807022881,100,100,1
"disaster",250,11,-0.0369448043292395,0.0523537000123489,0.230640589617593,100,100,1
"disaster",250,12,-0.0552342973428881,0.0530337139716588,0.235699394218366,100,100,1
"disaster",250,13,-0.0238205613481626,0.0620640661526758,0.249019767556896,100,100,1
"disaster",250,14,0.0186617287532492,0.0715156707182047,0.266737275481104,100,100,1
"disaster",250,15,-0.0102912460260038,0.0516424995278644,0.226344834881102,100,100,1
"disaster",250,16,0.00583368064661286,0.0644170978115738,0.252600393236718,100,100,1
"disaster",250,17,-0.000160141001729517,0.0578077853291382,0.2392273669984,100,100,1
"disaster",250,18,0.0220003694625893,0.0616893150352488,0.248105699534265,100,100,1
"disaster",250,19,0.0172937369859858,0.0548100014655099,0.233582907743258,100,100,1
"disaster",250,20,-0.00591835128584805,0.0585103984508643,0.240749499165208,100,100,1
"disaster",500,1,0.00787163646850595,0.0141216549544732,0.118500637405968,100,100,1
"disaster",500,2,-0.00853177351112152,0.0303314856072612,0.173496287886611,100,100,1
"disaster",500,3,-0.0308738535473537,0.0322060190826435,0.181210247294905,100,100,1
"disaster",500,4,-0.0115742873848797,0.0432693937858836,0.207293666030809,100,100,1
"disaster",500,5,0.0119633270205961,0.0398001840826177,0.198860009642948,100,100,1
"disaster",500,6,0.0171530345695033,0.0315878664301288,0.177668833397335,100,100,1
"disaster",500,7,0.0241120971707629,0.0288990129375838,0.170854956141694,100,100,1
"disaster",500,8,-0.0141760292802156,0.0320197146231693,0.178607047126062,100,100,1
"disaster",500,9,-0.00398395671176696,0.0341240431185349,0.183844158456098,100,100,1
"disaster",500,10,-0.0563120578907146,0.0374409350327038,0.200593054581319,100,100,1
"disaster",500,11,-0.0129530817521698,0.0349651422156668,0.186502742929933,100,100,1
"disaster",500,12,-0.0288371777709656,0.0346252401137363,0.187378148497612,100,100,1
"disaster",500,13,-0.00597121739071184,0.0375305128162083,0.192849327520667,100,100,1
"disaster",500,14,0.00221856566779864,0.0309169251450237,0.174964790535684,100,100,1
"disaster",500,15,-0.0134534109059036,0.0403890280841005,0.200414899816013,100,100,1
"disaster",500,16,-0.002483191067957,0.0479270587973785,0.217839285821646,100,100,1
"disaster",500,17,-0.00440205210386503,0.0328880425047787,0.180495263490364,100,100,1
"disaster",500,18,-0.00118550234281642,0.0421734986822606,0.20433592222427,100,100,1
"disaster",500,19,-0.00898414265002202,0.0435019199255287,0.207720041270527,100,100,1
"disaster",500,20,-0.0136979847987472,0.0386680364836288,0.196135134298624,100,100,1
"disaster",1000,1,0.0071491548380364,0.00697101997526257,0.0833811740766953,100,100,1
"disaster",1000,2,0.0198356056676137,0.0152000063317291,0.124263661303749,100,100,1
"disaster",1000,3,-0.0246844417202165,0.0221946467625393,0.150273157809213,100,100,1
"disaster",1000,4,0.00382383872360286,0.0270788908211342,0.163776444141113,100,100,1
"disaster",1000,5,-0.0137199242766631,0.0213082224001962,0.145888232898858,100,100,1
"disaster",1000,6,0.0341584994288581,0.0256804705456571,0.163065842295166,100,100,1
"disaster",1000,7,-0.00687555544348607,0.0194635604824032,0.138968435211148,100,98,0.98
"disaster",1000,8,0.00246692558235824,0.0234208708649802,0.15229165400034,100,100,1
"disaster",1000,9,-0.0163825491668507,0.0265958848447205,0.16308165887206,100,99,0.99
"disaster",1000,10,-0.0407213751727891,0.0216288302341564,0.151890659119572,100,100,1
"disaster",1000,11,-0.00672350033302545,0.0270087780430257,0.163657861770596,100,100,1
"disaster",1000,12,-0.0284715060786094,0.0242245528166466,0.157457721140833,100,100,1
"disaster",1000,13,-0.00568126270295564,0.0277905522600498,0.165966633644686,100,100,1
"disaster",1000,14,-0.0125570243471437,0.0196863109514132,0.140168208600787,100,100,1
"disaster",1000,15,0.00243169046007634,0.0293752154039712,0.170550216559303,100,100,1
"disaster",1000,16,-0.00467554826203729,0.0275163509638205,0.165115257337815,100,100,1
"disaster",1000,17,-0.000891284565720845,0.021062690050378,0.144405185287964,100,100,1
"disaster",1000,18,-0.0138687717596838,0.0247135844287057,0.157031179752751,100,100,1
"disaster",1000,19,-0.0120024607190839,0.0284216379427783,0.16817098628082,100,100,1
"disaster",1000,20,-0.010171349335825,0.0293231230621286,0.170684938347877,100,100,1
"rich_state",250,1,0.0137932892700056,0.00736845513612483,0.0865160413660359,100,100,1
"rich_state",250,2,0.0248961332515071,0.0404098504307731,0.201557856153865,100,100,1
"rich_state",250,3,-0.0100011348499631,0.0605155532003215,0.244970243839135,100,100,1
"rich_state",250,4,-0.0272544206781519,0.0761722996996247,0.275959018966821,100,100,1
"rich_state",250,5,-0.0279639738864591,0.0672342521251129,0.259507020019468,100,100,1
"rich_state",250,6,-0.0241941656487143,0.0785259894552692,0.279867981755959,100,100,1
"rich_state",250,7,-0.0750162993539955,0.0880013908311602,0.304546912792786,100,100,1
"rich_state",250,8,-0.031110349177581,0.0761550632986533,0.276335604820692,100,100,1
"rich_state",250,9,-0.0279608244516594,0.0899856439495803,0.299779244134915,100,100,1
"rich_state",250,10,-0.0350267565742503,0.0968130195084664,0.311563417283694,100,100,1
"rich_state",250,11,-0.0259777369776195,0.143708111822246,0.378062637074349,100,99,0.99
"rich_state",250,12,-0.0491102059885467,0.100126621540214,0.318648972471353,100,100,1
"rich_state",250,13,-0.0447042913469527,0.0953761736946054,0.310517126133958,100,100,1
"rich_state",250,14,-0.0481861962688836,0.112783789802314,0.337606074316139,100,100,1
"rich_state",250,15,-0.0238023663206935,0.099334279542683,0.314495611081809,100,100,1
"rich_state",250,16,-0.0316940973011054,0.141987306378025,0.376260480409485,100,100,1
"rich_state",250,17,0.0115316664662632,0.153548603821557,0.390059094388056,100,100,1
"rich_state",250,18,-0.0289353781760052,0.116820435813388,0.34130556333796,100,100,1
"rich_state",250,19,-0.0389387474916446,0.136772229308037,0.370028016603033,100,100,1
"rich_state",250,20,-0.017422645546934,0.120260745991092,0.345487607750315,100,100,1
"rich_state",500,1,0.00325929138184934,0.00392462394048913,0.0624179515956431,100,100,1
"rich_state",500,2,0.00900278092281618,0.0208672134959714,0.144012469687024,100,100,1
"rich_state",500,3,0.022065438715495,0.0325827521355579,0.180952502607479,100,100,1
"rich_state",500,4,0.0000651280334927418,0.0434109550359458,0.207308585753815,100,100,1
"rich_state",500,5,-0.017321689513925,0.0417919418714998,0.204142262602337,100,100,1
"rich_state",500,6,-0.00626193000042677,0.0571095466133216,0.237860595548146,100,100,1
"rich_state",500,7,-0.0181145313475976,0.0661757408264396,0.256584167956351,100,99,0.99
"rich_state",500,8,-0.0119685517796784,0.0578263368022899,0.239564854822175,100,100,1
"rich_state",500,9,0.00461674130926814,0.071158562364943,0.265458642808273,100,100,1
"rich_state",500,10,-0.0343888400130366,0.0653866914202732,0.256739979012838,100,100,1
"rich_state",500,11,-0.0135420291564712,0.0628610457015147,0.249831586870384,100,100,1
"rich_state",500,12,-0.0141474022241972,0.0612262785505903,0.246605281279168,100,100,1
"rich_state",500,13,-0.0139294419055631,0.0570015209611482,0.23796120503842,100,100,1
"rich_state",500,14,-0.00929608438692793,0.0572514354621634,0.238254776011879,100,100,1
"rich_state",500,15,-0.00929602516945027,0.0831018108260813,0.286979457107598,100,100,1
"rich_state",500,16,0.00365111817752694,0.0876472550476342,0.294591434296899,100,100,1
"rich_state",500,17,-0.0262589706115481,0.0915882106097978,0.30226124799795,100,100,1
"rich_state",500,18,0.00283232981449399,0.0797195762900777,0.28094555098694,100,100,1
"rich_state",500,19,-0.00918942734916117,0.0664300057376988,0.256612843122333,100,100,1
"rich_state",500,20,0.0146985318792621,0.0697792768025243,0.26324424186277,100,100,1
"rich_state",1000,1,0.00287862983125381,0.00302870966490525,0.0548334667694974,100,100,1
"rich_state",1000,2,0.000192180432700998,0.0140170668296084,0.117800395137839,100,100,1
"rich_state",1000,3,-0.0036561512065875,0.0209089124284938,0.143920779409557,100,100,1
"rich_state",1000,4,-0.0137254322749184,0.0308066991546472,0.175177109389994,100,100,1
"rich_state",1000,5,0.00050742852573853,0.0214045634463085,0.14557051657377,100,100,1
"rich_state",1000,6,-0.0121162525079707,0.0301132214537756,0.173086373854428,100,100,1
"rich_state",1000,7,0.00595150332148087,0.0344873735339201,0.184872713482456,100,100,1
"rich_state",1000,8,-0.00114187976299838,0.0407607266497093,0.200884104081446,100,100,1
"rich_state",1000,9,0.000269286775175959,0.0430227225132807,0.20637966906533,100,100,1
"rich_state",1000,10,-0.013082623340834,0.0481698411344962,0.218767679872118,100,100,1
"rich_state",1000,11,0.000278459609608729,0.0418280767090863,0.203494160805045,100,100,1
"rich_state",1000,12,0.0182487446626764,0.035899499175282,0.189403064561513,100,100,1
"rich_state",1000,13,0.00573212290025063,0.0390889363162896,0.196801687457375,100,100,1
"rich_state",1000,14,-0.00299621131205601,0.0498439706850383,0.222158745631169,100,100,1
"rich_state",1000,15,0.0186820282619446,0.0529832840896567,0.229787879203278,100,100,1
"rich_state",1000,16,0.0499797889832597,0.0528396126659767,0.234113638744367,100,100,1
"rich_state",1000,17,0.00279242468864786,0.0470942234711118,0.215942304498314,100,100,1
"rich_state",1000,18,-0.000321231955741014,0.0481685094255692,0.218373367243542,100,100,1
"rich_state",1000,19,-0.00473212633912123,0.050389587571119,0.223401174381643,100,100,1
"rich_state",1000,20,0.0281352013794103,0.0446128107860966,0.212033658259474,100,100,1
"shock_dependent_scale",250,1,0.0648425191525901,0.00545080884299511,0.0979839427897202,100,100,1
"shock_dependent_scale",250,2,-0.099792528804004,0.0385808326008684,0.219439224114463,100,100,1
"shock_dependent_scale",250,3,-0.170742033831955,0.0685842851545455,0.311530551342998,100,100,1
"shock_dependent_scale",250,4,-0.0955828961314454,0.0480564897614563,0.238142845571133,100,100,1
"shock_dependent_scale",250,5,-0.0399832320219808,0.0521236950304576,0.230653673118545,100,100,1
"shock_dependent_scale",250,6,-0.0161136906362218,0.0601930644471632,0.244644200480231,100,100,1
"shock_dependent_scale",250,7,-0.00218959073597527,0.0438892062044976,0.208458889112563,100,100,1
"shock_dependent_scale",250,8,0.0165631103522555,0.0384904001644654,0.195907714976623,100,100,1
"shock_dependent_scale",250,9,0.0217278927605496,0.0528802792320845,0.229833804658013,100,100,1
"shock_dependent_scale",250,10,0.0163962957408325,0.0476352764620042,0.217779159267835,100,100,1
"shock_dependent_scale",250,11,0.00322494040912606,0.0581267373725569,0.239908045382963,100,100,1
"shock_dependent_scale",250,12,-0.018772369071224,0.0561244238599703,0.236464757335881,100,100,1
"shock_dependent_scale",250,13,-0.0176414962232792,0.0654657876534578,0.255190815206816,100,100,1
"shock_dependent_scale",250,14,0.0223415774357238,0.0508295772337491,0.225433865121743,100,100,1
"shock_dependent_scale",250,15,-0.0259228498389754,0.0603243178552948,0.245750012859646,100,100,1
"shock_dependent_scale",250,16,-0.0579177253501922,0.0661331275738434,0.262347592342383,100,100,1
"shock_dependent_scale",250,17,0.00603412492618295,0.0548098924316088,0.233019750602642,100,100,1
"shock_dependent_scale",250,18,-0.0147257916653227,0.0575145493594546,0.239073739264752,100,100,1
"shock_dependent_scale",250,19,-0.00806080627597529,0.0607687425205732,0.245409925824499,100,100,1
"shock_dependent_scale",250,20,-0.0201811227059061,0.0542799997954849,0.232689659227051,100,100,1
"shock_dependent_scale",500,1,0.0577090119166119,0.00200119904570859,0.072880155815168,100,100,1
"shock_dependent_scale",500,2,-0.104966340814997,0.0180611535897181,0.169995513934665,100,100,1
"shock_dependent_scale",500,3,-0.156263353294021,0.0290307300248664,0.230561614991112,100,100,1
"shock_dependent_scale",500,4,-0.0678605862591264,0.0243195832675768,0.169355975986481,100,100,1
"shock_dependent_scale",500,5,-0.0143327236550608,0.0289464756706452,0.169889487259545,100,100,1
"shock_dependent_scale",500,6,-0.00847553755090493,0.0382093323520582,0.194676844450783,100,100,1
"shock_dependent_scale",500,7,-0.00515815838940055,0.0322395824874167,0.178728266540334,100,100,1
"shock_dependent_scale",500,8,0.0138415755047115,0.0289830716376383,0.169955376889684,100,100,1
"shock_dependent_scale",500,9,0.0198200867486375,0.0334156948931356,0.182960033293962,100,100,1
"shock_dependent_scale",500,10,-0.000411356681068576,0.0290563035409656,0.16960515829383,100,100,1
"shock_dependent_scale",500,11,0.0172620794504139,0.0362811970291034,0.190305975854057,100,100,1
"shock_dependent_scale",500,12,0.011347222659684,0.0405533268854264,0.200690191784902,100,100,1
"shock_dependent_scale",500,13,0.0201400830174842,0.0372447035691048,0.193074802802864,100,100,1
"shock_dependent_scale",500,14,0.033707328037846,0.0324759125245999,0.182448177197814,100,100,1
"shock_dependent_scale",500,15,0.00602857891342211,0.0325239957052478,0.179541358778168,100,100,1
"shock_dependent_scale",500,16,-0.0125833628920446,0.0400796896028678,0.199592669525992,100,100,1
"shock_dependent_scale",500,17,0.00723391868790288,0.0359044317965216,0.188673572760309,100,100,1
"shock_dependent_scale",500,18,0.00338844219670751,0.0319194156556878,0.177796802669934,100,100,1
"shock_dependent_scale",500,19,0.00717427867575378,0.0337047564471138,0.182809133133878,100,100,1
"shock_dependent_scale",500,20,-0.0292062776240114,0.0312471294157354,0.178290955390981,100,100,1
"shock_dependent_scale",1000,1,0.0424357527149499,0.00132751942237663,0.055812519533141,100,100,1
"shock_dependent_scale",1000,2,-0.11947453551145,0.0105922119763356,0.157354550275004,100,100,1
"shock_dependent_scale",1000,3,-0.17013363420358,0.0160154874659462,0.21166196181318,100,100,1
"shock_dependent_scale",1000,4,-0.0691019630365222,0.0148686426441176,0.139624630753952,100,100,1
"shock_dependent_scale",1000,5,-0.0271558994602746,0.0151015250985886,0.125251557767156,100,100,1
"shock_dependent_scale",1000,6,-0.000670999704482895,0.0174133630181812,0.131299960504955,100,100,1
"shock_dependent_scale",1000,7,-0.0136712146541201,0.0218201567098137,0.147610491676014,100,100,1
"shock_dependent_scale",1000,8,0.0200461873921759,0.0159825010699782,0.127375530178448,100,100,1
"shock_dependent_scale",1000,9,0.0206763657833003,0.0156913939656457,0.126340777771842,100,100,1
"shock_dependent_scale",1000,10,0.0185368319389117,0.0178311075885084,0.134150701268964,100,100,1
"shock_dependent_scale",1000,11,0.0186292403049376,0.0168431321533519,0.130467426686348,100,100,1
"shock_dependent_scale",1000,12,-0.00332767432361706,0.0165418235126721,0.128013587927022,100,100,1
"shock_dependent_scale",1000,13,0.00486043444880961,0.020184081437206,0.141442088664814,100,100,1
"shock_dependent_scale",1000,14,-0.0117245145417431,0.0214225811774062,0.146102086250922,100,100,1
"shock_dependent_scale",1000,15,-0.00847623700946536,0.0169622546977712,0.129863307922731,100,100,1
"shock_dependent_scale",1000,16,-0.0180864942499997,0.0191107756228924,0.138732797639631,100,100,1
"shock_dependent_scale",1000,17,0.00745234137994374,0.0200813010759259,0.141194990906937,100,100,1
"shock_dependent_scale",1000,18,0.00407043169172439,0.0191205203888086,0.137644046725885,100,100,1
"shock_dependent_scale",1000,19,-0.0122801377928381,0.0178473477516231,0.133490359420888,100,100,1
"shock_dependent_scale",1000,20,-0.021999153453438,0.0145906410837508,0.122183048847134,100,100,1
